// 2
    arr = { 5, 2 };
    assert(-1 == broken_search(arr, 1));

    // No
    arr = { 5, 1 };
    assert(1 == broken_search(arr, 1));

    // 3
    arr = { 1, 2, 3, 5, 6, 7, 9, 0 };
    assert(2 == broken_search(arr, 3));

    // 4
    arr = { 0, 2, 6, 7, 8, 9, 10 };
    assert(-1 == broken_search(arr, 5));

    // 6 
    arr = { 3, 5, 6, 7, 9, 1, 2 };
    assert(-1 == broken_search(arr, 4));

    // 7 
    arr = { 3, 6, 7 };
    assert(-1 == broken_search(arr, 8));

    // 9
    arr = { 6, 7, 10, 0, 2, 4, 5 };
    assert(-1 == broken_search(arr, 3));

    // 13
    /*arr = { 851, 852, 854, 855, 856, 860, 861, 862, 864, 865, 867, 868, 871, 872, 873, 874, 877, 878, 879, 882, 884, 885, 886, 890, 892, 893, 894, 895, 896, 897, 898, 899, 900, 901, 902, 903, 907, 908, 909, 910, 911, 912, 913, 914, 917, 918, 920, 921, 922, 923, 925, 926, 927, 928, 930, 931, 933, 934, 935, 937, 938, 939, 940, 941, 943, 944, 945, 946, 949, 951, 957, 959, 961, 963, 965, 966, 969, 970, 971, 972, 974, 975, 976, 978, 980, 981, 982, 983, 987, 988, 989, 991, 992, 993, 994, 995, 996, 998, 999, 1000, 0, 1, 2, 7, 8, 9, 11, 13, 16, 18, 20, 22, 23, 25, 26, 28, 30, 31, 34, 39, 40, 41, 43, 45, 46, 47, 50, 51, 53, 56, 57, 58, 59, 60, 61, 64, 65, 66, 67, 68, 69, 70, 71, 74, 77, 78, 79, 80, 82, 83, 85, 86, 87, 88, 90, 92, 94, 96, 97, 99, 101, 102, 104, 105, 106, 107, 108, 109, 111, 113, 114, 115, 117, 120, 124, 125, 127, 129, 132, 134, 135, 138, 140, 141, 144, 146, 147, 148, 150, 151, 153, 155, 156, 157, 158, 159, 160, 162, 165, 167, 169, 171, 172, 173, 174, 175, 179, 183, 185, 186, 187, 188, 189, 190, 191, 192, 195, 196, 197, 198, 200, 201, 203, 204, 205, 207, 208, 209, 210, 211, 212, 213, 214, 215, 216, 217, 218, 219, 222, 223, 224, 226, 227, 228, 229, 230, 231, 232, 233, 234, 235, 236, 237, 238, 239, 241, 242, 243, 245, 246, 247, 248, 250, 252, 254, 255, 256, 257, 258, 265 };
    assert(9 == broken_search(arr, 214));*/

    // No
    arr = { 184, 185, 187, 190, 193, 195, 196, 197, 198, 199, 200, 202, 204, 206, 207, 208, 209, 210, 211, 212, 213, 215, 217, 218, 220, 225, 226, 234, 236, 243, 245, 247, 252, 253, 254, 255, 260, 261, 264, 268, 269, 270, 271, 272, 274, 278, 284, 287, 288, 291, 293, 296, 297, 299, 302, 303, 304, 306, 309, 311, 312, 313, 320, 321, 322, 325, 331, 332, 333, 337, 339, 340, 342, 343, 346, 347, 349, 350, 353, 354, 355, 356, 359, 362, 366, 369, 373, 375, 378, 384, 390, 393, 397, 399, 403, 410, 414, 415, 417, 418, 419, 424, 425, 428, 435, 436, 440, 444, 454, 456, 457, 458, 460, 461, 465, 467, 468, 470, 472, 473, 474, 478, 479, 480, 481, 484, 485, 487, 489, 495, 501, 504, 506, 512, 514, 515, 517, 518, 521, 525, 526, 534, 535, 546, 557, 559, 562, 565, 566, 568, 569, 578, 582, 586, 589, 590, 592, 594, 595, 598, 599, 600, 602, 609, 610, 613, 614, 616, 617, 618, 619, 620, 621, 623, 625, 632, 634, 637, 639, 647, 648, 649, 650, 658, 665, 666, 670, 671, 673, 677, 678, 679, 681, 685, 686, 687, 688, 689, 691, 692, 693, 695, 697, 701, 702, 703, 706, 708, 709, 711, 712, 713, 715, 718, 720, 721, 723, 724, 729, 730, 731, 733, 734, 736, 737, 738, 739, 740, 742, 743, 745, 747, 750, 751, 763, 769, 771, 772, 773, 774, 775, 777, 778, 167, 168, 169, 170, 171, 172, 176, 178, 179, 181, 183 };
    assert(9 == broken_search(arr, 199));